1961
-103 -108 -128 -134 -153 -100  -56  -53 -120 -106  -42 -150  -94  -42 -123 -109
 -61 -161 -217 -192 -184 -228 -203 -189 -208 -195 -173 -128 -114 -192 -178 -220
-214 -181 -109 -120  -39 -114  -42  -14  -14  -61 -111 -106  -11  -72 -112  -84
 -44   17  -81  -67    0  -28  -42  -28  -11    3  -14  -25    6   42  -17  -67
  -3    0  -50  -67  -97 -122  -78  -61  -31  -17  -75 -136  -97  -48  -58  -84
 -45    9   25   34   -6   56   75   22   11   -9   22   17   17   53   61   56
  31   25   31   42   28   42   37   11   45   45   48   31   36   75  103   92
 114   72   86   39   78  123   61   56   86   48   56  103   70   95  122  134
 198  117  111  156  211  217  214  167   75   97   95  123  103  125  128  131
 156   37   92  131  111   56   89  175  186  153  148  167  145  122  133  164
 200  131  189  236  148  131  158  197  203  211  178  159  203  203  189  178
 167  186  203  231  228  170  164  209  150  167  178  184  184  181  192  200
 242  234  214  214  200  217  223  231  225  222  239  248  262  248  231  211
 244  245  231  189  178  192  217  206  225  228  225  231  234  256  234  203
 142  167  200  153  161  203  225  172  161  156  187  222  231  225  197  198
 203  222  242  256  187  245  264  231  170  195  220  225  256  270  198  122
 178  136  112  106  136  161  181  197  200  236  200  214  186  172  122   97
 120  181  136   78   64   89  170  173  153  181  167  134  189  161  109   31
  42   95  159  128  100   70   70   53   42   56   84   17   39  128  114   84
  31   34  120  114   92   70   67   50    9  -14    0   64   81   78   36   20
  56   -6  -20  -31    0   14   47   56   28    6  -17  -39  -33  -48  -53  -34
  -3   22   47   25   17  -36  -64  -20   -3    6   -6  -31 -106 -131  -86  -47
 -37  -25  -61 -100 -100 -120  -75  -42    8  -28  -95  -84  -59
1962
-100 -159  -89 -139 -164 -106  -36   -8  -75 -139 -117  -61  -70  -25   14  -75
-131 -159 -131 -128  -95  -28  -75  -50  -37  -67  -75 -181 -217 -181 -239 -267
-250 -106  -50    8 -134 -178 -139 -117 -183 -203 -161 -100  -81 -109  -95  -78
-162 -137  -78 -100  -56  -36 -139 -159  -45   14  -14  -98 -148 -136  -92  -20
 -11  -28  -34  -59  -22  -22   -6   -8   -6   17    3   12  -14  -31  -14    6
  22  -20   11   39   36   33   56   92  131   28   11  -28  -31    3   50   64
  50   67   73   39   39   61   42   22   22   31   39   45   73   78   98  109
  56   34   36   70  128  170   95   78  114  100  120   98  122  133   67   53
  92  117   86  114  133  114  147  187  228  256  264  178  170  139  136  181
 161  142  139  153  184  222  234  208  139  161  184  209  175  172  184  203
 209  184  158  184  208  237  239  214  144  136  175  197  223  236  211  212
 195  178  211  234  233  186  169  170  195  148  145  178  247  214  208  211
 228  186  178  172  178  200  217  209  209  206  184  156  187  203  175  164
 206  211  220  220  209  192  217  242  225  250  217  169  156  161  156  186
 198  184  189  200  175  159  161  239  173  159  178  198  220  242  236  239
 248  222  239  228  186  175  170  131  114  172  175  175  211  184  172  189
 206  159  128  134  139  109   73   67   75   86   97  125  100  106  103  109
 128  114  111  164  167  131  100  114  131  120  120   89  134   70   62   59
 162  117   95  136  109   59   62   81   37   11    0   25   17  -14    3   25
  25   34    9    3   14  -25   -3   47   42   39   34  -22  -28  -14  -14    3
  -8  -33  -47  -25   34   28    3    0  -36    9   31   36   12   28   45   28
  31   23   25   48   22    8    6  -31  -78 -128 -122 -128 -153 -123  -64  -56
 -39 -150 -186 -117  -42 -111 -122  -61 -167 -114  -75 -195 -195
1963
-136  -78  -56  -53  -28  -28  -20  -19    3    0  -70 -103  -75 -106 -147 -162
-120 -123  -81  -34 -131 -145 -142 -175 -156 -150 -114 -145 -145 -120 -178 -161
 -72 -125 -223 -159 -103 -167 -222 -134 -100  -61  -81  -67  -86 -136 -195 -133
  -9  -45  -59 -145 -198 -153  -67 -117 -159 -164 -114 -120  -78  -50  -53  -69
 -39  -70  -64  -64 -111  -95  -47  -17  -39  -78  -95  -14  -22  -75  -31   -3
 -28  -56  -11   20   34   39   -3    0   64    3   48   56   14   14  -36   23
  39   28   23   23   70   86   67   61   67   78  106   92   44  100   70   47
  45   39   58   58   70   73  106  106   56   72  103  173   97   95  111  145
 139   31   36   84  123  133  139  156  170  142  139  125  128  123   70   97
 139  148  181  172  167  164  175  206  214  220  234  217  206  173  195  153
 134  139  123  173  194  167  164  178  178  170  197  128  139  211  234  231
 236  236  242  231  261  272  278  175  186  186  175  153  134  134  172  206
 225  239  247  195  209  214  236  231  220  211  223  239  270  281  278  275
 286  270  200  195  214  211  231  200  217  214  225  220  203  167  167  167
 145  142  150  136  158  170  173  189  225  178  134  134  150  170  170  181
 181  175  147  159  195  187  120  123  153  150  186  175  142  178  111   75
  95  125  136  158  153  148   86   84   89   81   95  114  148   89   64   81
  73  108  167  153  100  111  164  181   78   44  117  114   84   78  147  164
 161  120  153  178  161  100   81  142  167  170  178  145  106   42   45   61
  37   37   31   73   83   95   75   86   61   53   61   58   31   22   22   31
  25   75   22   28   81   98  106   -3  -25   31   25   -6   58  -19 -109  -92
 -86  -70  -95  -89  -20  -25   17  -36  -98 -117 -100  -86 -131 -145 -164 -147
-158 -195 -162 -122 -125  -70  -81 -161 -200 -162 -167 -200 -170
1964
-106  -39    9  -28 -114 -106  -48  -75  -39  -47 -156 -195 -183 -131 -100  -42
 -81  -42    3   20   28    0  -34    0   39  -31  -58 -109 -109  -64  -48   -3
 -70 -125  -45    6  -28   -6  -64 -178 -186 -128  -56  -22  -86 -100  -81 -136
-106  -64  -50  -97 -131  -70 -100 -120  -59 -128  -78   19   37   33   44   45
 -64   31  -23  -48  -75  -67  -53  -31   11   20  -56  -67  -70  -42  -20   22
  20  -25   22   67  -14  -39  -22   11  -45  -67  -50  -17  -14  -56  -33   20
  70   50   20   47   34   86  123  128  100   72   70  100   36   48   84   61
  73   69   78   95  142  139  139  148  145  136  139  153  170  187  200  197
 186  122  145  147  164   86  108  142  162  147  183   89   87  189  231  242
 134  136  136   89   86  123  131  145  145  114  128  117  156  186  189  203
 186  169  197  217  186  144  103  167  178  242  259  217  225  237  231  197
 214  189  186  217  286  253  208  211  195  187  192  192  195  214  222  225
 217  211  222  220  228  250  275  208  195  245  247  206  200  214  206  236
 278  214  170  162  170  181  175  173  158  156  203  175  142  172  208  209
 136  136  145  189  186  167  153  158  153  150  169  192  209  189  178  200
 217  228  228  150  156  159  184  175  167  158  184  186  197  170   92  120
 145  103   86  122  139  109  119  164  183  206  167  103  128  153   81   81
  95   75  148  142  131   53   61   25   42   75   45   25   78   58   58  142
 147  103  150   78   64   67   61   28   31  100   75  128  100   78   45   45
  44   31   36   31   36   56   78   64   64   20    0   37   86   22  -14    3
  14    6  -22   19  -22  -78  -45  -67   -3   45    3    3   20  -56 -100 -106
 -64  -98  -89 -108 -145 -100  -84  -78  -45   31   37   -3  -86 -133  -31 -106
 -72  -86 -122  -58    8   45   84   64   -6  -84 -103  -53  -64
1965
-125 -153  -64  -78  -31  -67 -136  -45    9 -106  -62
 -25  -33 -175 -264 -225 -220 -161 -136  -72  -98  -75
-164  -84  -47  -45  -56 -123 -203 -142 -128 -136 -136
-161 -159 -175 -103  -14   11  -89  -25   14   17  -64
-117  -70  -48 -109  -58 -153 -178 -120 -125 -164 -122
 -20  -48 -111  -50  -41   -3   42   42   48   47   39
   3  -14    3  -67  -50  -31  -31  -45  -25  -22    8
 -31  -81  -92  -67  -56  -53  -47   -6  -47  -50  -36
 -33  -64  -48   -6   11   25   42   45   48   39   56
  67   50   70   31   67   67   47   28   28   50   53
  59   67   25   20   50   56   84   95  106  148  117
  95  147  114  106  120  125  123  181  139  156  156
 106  100  156  217  164  114  142  142  136  184  120
 128  181  198  150  136  117  122  120  120  111   95
 164  192  209  223  214  220  173  173  170   98  123
 136  172  178  192  214  231  231  214  222  173  156
 167  214  245  223  189  187  214  186  195  217  153
 167  203  200  223  206  192  225  228  197  209  200
 178  162  159  200  200  194  220  197  203  200  172
 170  164  183  200  192  164  184  200  239  242  228
 250  170  153  203  220  217  264  236  211  236  192
 164  147  189  183  183  164  170  200  150   89  112
  94  139  159  170  178  186  178  164  167  159  222
 131  131  136  153  164  128  125  139  142  217  247
 259  231  181  139  100   45   59   72   81  145   92
  86   31   22   31   98  109  120  117  106   95   75
  84  106   78   44   97  158  139  111   81  103   56
  53   64   28    3    0   73   75   -6  -34   75   64
 -11   78   31   33  -14  -31    6   42   75   17  -17
   3  -19  -50  -42  -61  -28  -17   -8  -17    6    0
  17   -8  -28  -25   11    0   11   31   -6  -37  -64
 -20   -3  -23  -92  -78  -45  -45  -28    0  -22  -45
-117 -156 -100  -50    8   20  -14 -103 -125  -75  -14
  34   72
1966
  20  -56  -20  -59  -33  -56  -83 -164 -156  -61 -123 -195 -167 -117 -147 -159
 -78  -64  -36  -12  -23  -36  -42  -56 -161 -217 -192 -175 -172  -83 -103  -69
 -64  -95  -59 -103 -147 -156 -137  -75  -14   42    6    0  -42 -103  -45  -53
-156 -217 -228 -153  -78  -73  -81  -61   -3  -31  -11   31   25   17    9   17
   8  -45  -64  -34  -11  -78  -47  -17  -17  -78  -42  -22   67   70   28   28
  39   72   61   -3  -36  -86  -72  -45    6   23    6   36   28   11   39   34
  47   28   20   39   58   67   64   81   78   89   75   72   86   89  131   70
  84   89   75    6   -3   11   81  103   67   48   64   70   86   53    6   56
  17   31   53   81  100  125  150  131  117  142  159  164  156  167  195  211
 200  197  217  167  123   97  120  112  137  175  197  200  219  217  164  139
 100  128  169  206  233  192  161  178  178  197  220  175  173  245  242  209
 247  264  245  233  264  214  262  270  220  198  214  225  220  217  244  239
 245  236  206  186  192  239  242  178  167  164  187  228  237  256  186  170
 186  161  175  198  233  183  161  195  203  206  233  217  247  225  184  184
 175  161  178  211  212  225  184  170  173  172  189  170  175  181  164  156
 181  231  178  195  214  153  145  181  161  159  161  186  203  139  125  153
 183  106  103  142  161  114  117   98  131  106   70   67   70   70   86   95
  97   92   81   86  125   95   78  142  167  170  128   87   64   70  103  147
  92   42   36   56   45   72  100  112   89   56   50   78  103   25  -11   20
  84  117  108   25   19   23   42   84   87  147   94   53   -3    6  -23  -28
  -6   11  -28  -39  -34  -22   25   42   78   67   67   92   75   34  -31  -92
-114 -120  -73  -25   22   23   42   45   -3  -64  -47  -31  -53  -25   31  -45
-117 -100  -56  -59 -120 -109  -84  -75 -117 -147  -50  -83 -103
1967
 -28  -58  -28    3  -58 -178 -150  -31  -64  -64  -89  -72   -9    8  -42 -139
 -64 -198 -170  -97  -56  -22  -50  -11    0  -14  -75  -67  -92 -114 -123  -62
 -84 -181  -97  -92 -228 -217 -161  -72  -53 -108 -275 -239 -161  -75 -153 -214
-214 -206 -161 -109 -109  -47 -120 -153 -131  -81  -59 -150 -117  -42 -125 -147
 -56  -70 -164 -128  -23    3  -86  -64  -11  -34 -103 -159 -172 -120  -42  -50
  -8  -17  -23  -22   -6   31   42   36   -6   67   92   67   25  -25   59   -6
  -9   25   61   28  -31  -14   56   64   53   34   59   39   53   50   42  103
  61   42   36   64   64   72   70   84  167  164   70   62   53   59   70   28
  45   67   56   78   70   70   78   73  106   86  139   89   73   64   84  128
 120  120  103  145  111  111  120  175  203  217  220  217  200  192  175  214
 225  173  145  183  181  222  236  178  164  153  167  197  189  211  206  183
 187  206  211  214  181  217  239  200  175  164  178  192  220  217  203  203
 220  189  189  173  192  189  206  225  233  239  233  239  239  225  222  217
 214  231  228  209  206  195  242  220  186  181  200  217  209  167  164  181
 184  206  217  222  239  231  175  175  197  156  139  161  189  225  228  187
 217  167  114  123  120  167  158  189  145  137  212  184  109  103  122  150
 148  164  184  203  214  164  170  189  103   84   72   87  133  172  150  186
 125  103  111  175  106  139   61   31   47  128  100  106   86   70   75  117
 162   95  136   95   39   75   59   67  111  117   78   95   53   23   25   47
  94  125  106   59   20    3    3  -23   -8   17   28   89   23  -53  -92 -109
 -34   -3  -11  -61  -70   -3   25    6   17   50    9  -48  -72  -78  -70  -56
 -64  -78  -50  -83  -45  -17  -78 -148  -50   23   34   -6  -61  -78  -59  -20
  25    6    6   36  -61 -111  -50  -83 -153  -86  -95 -114  -50
1968
-147 -223 -153 -120 -175 -192 -203 -286 -273 -225 -236 -214 -161 -125 -117 -214
-178  -89   11    3  -50  -92  -75 -170 -203 -147  -50  -89  -42  -14  -84  -36
  45  -28  -89 -100  -97  -86 -133 -142 -134 -175 -197 -186  -95 -133 -125  -95
-175 -170 -187 -203 -142 -131 -128 -111 -111  -67  -44   -3  -62 -133  -64  -53
 -86 -117  -23   -3   -6  -33  -59  -81 -106  -31   28   31   28   62   53   22
   6   -3  -31  -50   45   42   50   86   64   89   34   25   42   95   37    3
  50  111   73   47   58  119  147  175  120   84   95  106  120   89  120  131
 147  114   73   53   58   67   78  103   89   92   81   83   72   61   67  114
 170  111  106  142  145  159  172  181  114   95  106   78  120  120  123  125
 117  109  125  148  156  164  145  170  178  170  167  203  172  142  156  136
 150  167  214  159  175  186  136  147  178  173  109  142  128  173  167  178
 186  147  117  172  222  214  197  170  175  167  170  181  225  231  170  175
 197  206  231  256  275  267  267  231  184  220  250  203  192  197  195  212
 186  150  145  206  186  186  206  228  203  225  200  200  189  158  125  170
 211  200  150  136  170  122  142  217  178  128  150  209  236  153  128  147
 159  150  184  184  200  170  167  192  172  153  148  181  197  178  139  120
 142  150  184  189  206  206  200  198  192  167  189  184  136  142  133  100
 131  186  206  161  100   70   53   81   83   75  117  125  111  103  114  175
 181  172  195  128  108   83   64  103   89   73   45   42   72   36   34   14
  11   59   48   34   25   25   31   20   17   20   17   -3    8  -20  -14  -31
 -45  -11    3  -28  -56   -3  -14   34   -3  -56  -45   -3  -34  -58  -31   -6
 -23   -8   -3  -34  -53  -84 -148 -187 -123  -20   37   -9  -92 -133 -106  -86
-114  -53  -39  -22    0  -95 -222 -264 -200 -131 -125 -158 -145
1969
-109 -156 -148 -125  -81  -70  -31  -92 -147 -136 -159 -114  -70  -73 -108 -158
 -73    8  -25  -95  -78  -34  -28   37  -31 -103 -159 -173  -84  -23    3  -34
 -45  -17 -100 -161 -125 -109  -95  -56  -61  -89  -34  -78 -120  -97  -92  -75
 -78  -25  -14  -20  -28  -20  -22  -31  -36  -53  -45  -59  -52  -28  -86 -150
-134 -131 -103  -73  -50  -92  -75  -19    3    0  -14  -34  -14   20   17   31
   9   14   50   20   -8  -42   -9    0  -50  -56  -33  -23  -50   34   22   14
  53   12   34   81   31   25   78  117  136  137  133   53   23   28   72   75
  48   50   67   62   58   33   64   73   84  100  117   95   78   81  100  111
 123   67   61   78   73   78   75  161  175  100  175  145   84  100  100  134
  95   70   86  161  172  192  131  159  214  162  131  147  134  164  136  142
 181  192  234  242  217  153  162  178  175  178  150  142  181  142  147  173
 187  261  236  214  220  164  156  172  186  189  139  139  161  175  178  206
 198  198  203  237  262  261  222  189  198  200  211  206  234  203  195  200
 239  250  217  234  233  231  225  220  228  225  217  228  217  200  183  186
 208  236  250  256  242  223  161  136  145  159  206  245  192  139  131  211
 195  200  248  225  178  169  181  192  187  117  131  158  114  131  158  145
 153  217  197  128   92   75   97  111  139  150  144  100  111  139  111   81
 100  100  145  139   89   92  134  145  145  114  139  158  134   89  100   75
  83   89   75  100   53   22   -8  -23    6   64   64   39    6   14   14   17
  67   95  108   86   61  100  111   95   70   53   53   64   45   36   25    6
  20   64   70  -11  -64  -62  -17  -53  -56  -22  -81  -61   14  -28  -81 -114
 -97  -83  -81 -100 -103  -11   -6  -20   25   14  -28  -45  -39  -67  -92  -78
 -59 -100  -75  -95 -195 -197 -186  -95  -50  -53 -117 -131 -170
1970
-184 -148 -170 -217 -175 -153 -158 -150 -150 -137 -189 -192 -161 -189 -225 -175
 -89 -173 -236 -239 -228 -222 -167 -200 -111  -92 -111  -56   14 -106  -86   25
  34  -75 -222 -142  -50  -59  -59  -53   -3  -37 -134 -189 -184 -156 -117  -73
 -42  -86 -145 -100  -36 -117 -142 -156 -209 -128  -67  -42  -73  -73  -61  -17
 -25  -14  -58 -114  -72  -53  -50  -45  -28  -47  -61  -42  -11  -11    9   17
  20   -3  -11   -3   -3   -6   -3  -69  -70  -31   -3    8    3  -14  -25    3
  34   48   70   17  -12   47   72   67   67   64  117   53   39   39   56   58
  84   64   89  106  170  136  139  159  214  159   97  111  100   25   64   97
  97  136   95  100  106  117  117  145  120  120  156  167  145  162  136  108
 108  164  109   95  125  167  195  231  242  156  131  156  128  161  195  217
 228  195  170  136  158  189  200  208  236  181  131  164  195  192  214  150
 153  139  153  170  192  173  178  220  220  187  203  217  239  239  245  186
 186  172  203  211  206  206  178  145  206  169  200  222  245  256  250  264
 261  273  270  248  250  231  200  170  181  195  214  220  236  242  248  239
 253  259  264  264  192  175  192  242  186  136  139  167  198  214  167  192
 162  136  145  131  145  142  203  170  139  145  153  186  200  156  156  122
  95  117  131  103  131  142  164  162  236  144  136  192  189  134  114  103
 100  106  117  125   89   78  103  173  192  189  189  148  159  164  189  123
  36   34   58   28   70   92  120  125  103   97   75   36   42   48   64   72
 100  108   53   25   39   31   42    6   36   89  122  117   69   22   11   -3
  14  -20   42   50   48   48   12  -50  -58   -9   -3    6    8   20    3   67
  20  -72  -98  -83 -153 -139  -84  -92 -131 -142 -106 -106 -134 -139  -75  -75
 -59  -84 -178 -203 -175 -136 -167 -103 -128 -111 -134 -148 -162
1971
-164 -100  -92  -61   -6  -56 -114 -192 -200 -147  -89 -167 -236 -167 -156 -234
-225 -256 -192 -167 -103  -62  -39  -45  -31  -28 -148 -236 -178 -103 -192 -233
-242 -228 -206  -61  -20  -56  -28  -75 -125  -81    6  -31  -83 -103 -131 -114
 -17  -50  -72  -61  -45  -50  -75  -70  -23   28    0  -47  -73  -81  -50  -78
 -98  -42  -73  -86 -103  -59  -53  -67  -12   48  -14  -45  -64  -42   -6  -11
 -59  -70  -75  -72  -75  -61  -44  -11  -14  -39  -14   28   31  -17  -28  -12
   3  -36   11   11   11   58   56   -6   -9    9   22   56   67   70   47   34
  25   53   39   61   78  103   61   78   83   81   64   56   92   95  123  125
 144  150  175  139   84   70  120  167  153  161  225  214  158  120   95   95
 106  119  111  128  161  181  136  117  153  164  159  114  139  203  162  150
 136  150  178  181  156  161  197  209  231  231  239  197  189  192  195  161
 170  203  170  228  275  236  184  156  195  222  220  220  198  239  220  184
 172  192  194  200  214  181  170  178  181  197  223  250  228  233  248  186
 175  181  203  189  211  233  223  178  178  222  211  234  242  236  214  164
 206  200  158  156  217  220  220  214  184  189  134  123  125  172  170  158
 200  156  136  158  181  223  248  222  195  231  245  181  175  197  175  161
 189  217  170  156  156  153  170  139  136  139  106  111  131  120  131  178
 145  161  167  117  120  153  123   67   75  106  117  103   67   50  122  139
 111   86  111   89  100  133  114  100   94  120  122  145  164  117   75   92
 112  134   95   50    9   86   17  -53  -58   -6  -37  -50  -64  -67  -31   -9
 -14   22   70   39   14  -20  -61  -47  -23  -28  -19    0   -6  -42  -92  -92
 -50 -111 -133  -59  -31  -39   -6    9   61   31  -17  -64  -17   14  -75 -123
-139  -98  -22 -128 -131  -37 -114  -81 -150 -112  -75 -150 -178
1972
-170  -50  -28  -75 -167 -158  -64 -150  -53   17   14    0   20  -83 -131 -203
-114   -6   -3  -97 -153  -86   22  -25  -61 -178 -131 -109 -111  -95 -125  -89
-148  -78  -86 -158 -150 -192 -194 -148 -164 -148  -72   -6   23   22  -69 -123
 -97  -70 -150 -200 -211 -239 -167 -148 -114  -92  -14  -81 -111 -131 -131  -50
-114  -59  -42 -131 -117 -103   -8  -70  -64   -8   11   22  -17  -92  -81  -58
   0  -34  -25  -28  -61  -56  -22   25   23   17   11    9   11   11  -25  -64
 -56  -47    0    6   31   36   25   48   23   34   61   47   31   61   45   39
  61   44   14   28   36   45   81  123  125   61   58   70   86   97   75   67
  92   95   81  109  142  170  170  153  156  161  161  172  206  167  200  170
 131  142  181  197  206  189  187  136  122  189  192  162  153  175  153  125
  83   87  156  167  200  245  183  153  173  214  228  203  217  186  175  170
 167  189  200  223  200  206  203  147  139  145  170  189  195  200  186  203
 234  233  220  267  214  228  237  258  239  259  220  209  209  198  184  195
 189  183  184  209  195  159  192  128  161  175  175  173  173  133  147  184
 159  159  156  153  178  181  189  167  192  228  203  225  228  217  225  228
 189  175  228  236  217  192  156  153  159  161  178  139  128  170  156  147
 142  125  175  206  167  125  111  150  114   86  117  186  209  117   84  136
 100   59  100  125  159  150  153  103   92   31   25   92   92   25   64   28
  75   20   -9   -6   -8   48   56   47   31   25   47   81   84   50    0   -6
  17   50   28  -11    9   22   25   45   39   31   36   48   17  -28   -8  -39
 -20  -14   -6  -36  -67  -94  -67   14   22   25   33   28  -25  -14  -59 -128
-114 -167  -97   11  -75  -81  -42  -72 -131 -108  -28  -64 -114 -106 -145  -75
-120 -131 -103  -42  -25  -14  -59  -56  -75 -103 -162 -117  -28
1973
  11  -53  -95  -31  -73 -181 -217 -239 -184 -103 -120
-189 -164  -81  -34  -25    3  -25   17  -45 -114  -48
  31  -45  -62    0  -12  -53 -137 -170 -262 -175  -28
   0  -11  -73 -106  -42  -72 -170 -147 -197 -189  -89
 -67  -67 -178 -231 -147  -36   14  -25  -39  -75  -94
-145 -136 -187 -147  -84  -61 -115   23   -8    8   56
  64    3    3   39   53   20   17   58   50   28   11
  17  -25  -22   -6   12   33   53   48    0   28   73
  75   81   47   31   25   31   34   34   20   25   -6
  -6  -31  -39  -31   11   75  131  109  120  125  106
 139  203  123  106   78  106   89  109   48   64   86
 170  139   86   72  103  100  125  114  167  147  114
  89   89   98  111  100   89   89  131  111  128  133
 136  122  128  145  136  159  148  147  131   95  136
 142  192  245  217  214  211  178  225  217  192  164
 108  103  131  150  175  214  239  209  200  214  192
 223  242  239  237  222  225  228  245  236  214  211
 248  275  250  197  153  153  195  222  194  183  192
 189  225  203  214  184  198  234  245  231  256  242
 214  220  242  236  220  228  225  228  211  228  239
 259  264  242  220  214  220  206  200  231  239  231
 225  228  145  145  156  184  214  225  242  236  267
 253  247  264  256  228  247  186  153  125  117  123
 153  134  120  145  142  106   81   87  114   84   70
  72   98  109  133  139  167  136  117   95  125  122
 148  145  131  103   81   95  123   89   83  142  170
 122   92   59   61   50   47   47   42   89  125   95
 117  125   48   20   53   81   72   78   83   36    0
 -20  -39  -11   28  -36  -28  -33   36   61   64   14
 -31  -28  -23  -42  -19   -3   31   20   17   -6  -28
   9   70   31    3  -33  -53    9   45   45   36  -42
 -42  -14   17  -25  -81  -45  -17  -92 -114 -117 -164
-178  -56  -45 -136 -145 -203 -131    9   -3    6    9
 -17  -78
1974
 -81 -150 -103  -89 -100  -73  -83 -172 -200 -175 -131 -170 -181  -75  -64 -184
-242 -222 -139 -164  -36  -20  -50  -42  -22  -48   14   14    3   17  -36 -158
-200 -195 -181 -172 -142 -111 -131 -123 -120  -92  -92  -47 -164 -161  -95  -64
 -92  -44  -11  -50    8  -42 -120 -111  -81  -48   25   -9  -70  -20   64   31
  53   42  -47  -56  -45  -50  -92  -98  -50  -36  -11  -28  -47  -31 -108  -69
 -59    0  -45 -114  -50  -92 -111 -111  -36    6    3    3   59   39   47    0
 -14  -45  -53   -3   28   17   62   70   64   39   86   47   20   42  109  150
  89   42   42   64  100  175  114  131   58   23   84   33   31   56   56   67
  89   86   92  111  106  128  195  117  136  109   86   81  134  139   92  142
 125  109  123  120  117  136  161  167  150  162  161  209  183  198  206  234
 250  167  139  164  167  189  195  186  175  175  200  178  175  164  164  186
 142  164  178  197  195  192  192  225  197  211  192  228  223  242  175  169
 178  211  242  209  178  178  217  206  175  192  197  206  172  183  192  214
 225  220  206  194  195  186  209  220  186  175  211  186  172  175  184  195
 233  181  161  172  186  214  203  198  214  228  234  189  164  178  203  178
 183  189  198  153  139  103  128  128  136  161  164  192  136  189  214  195
 142  159  109  125   75  117  150   95   72   42   50   89  120  153  164  156
  61   23   25   36   34  103  161   95   25   42   56   36   67   23   84   92
  50   48    0  -11  -23    8   86   53   17   70   50    6   20   98   92  125
  97   17   28   70   53   50   20   14   14    8   33   83   73   59   17   20
  20   56   34   28  -20  -67  -42    9  -25  -58  -78  -84  -75  -64  -81  -39
 -33 -100  -98  -25    3   61   -3  -39    6   14    9  -48  -92  -45  -31  -25
 -25  -50  -45  -34   -6  -23 -111 -128  -25   -9    6  -28  -48
1975
 -42  -72  -64  -64 -109 -148  -61  -11   22   23   61   14  -37  -92 -131 -114
-178  -73  -86 -225 -131  -86 -147  -64  -64  -59 -125  -86  -98 -153 -156 -142
-148 -178 -211 -131  -59  -98 -103 -170 -175 -131 -161 -159 -131 -106  -50  -61
   3    0  -22    3    3   25    6   17   -3  -28  -25  -17  -39  -70 -100  -81
 -20  -11  -92 -145  -75  -78  -25  -23  -75  -42   -9  -14   20   48    6  -42
 -22    3  -34    3  -61 -117  -81  -25    6  -45  -34  -22  -14  -14   -3    3
  -8  -11  -11  -11  -14   -9    6   23   53   70   70   73  120   25   -3   28
  75   95   72   53   78   42   89   89  125   84  117  128  131  114  122  145
 137  133  167  144  189  158  178  161  142  181  206  234  209  209  253  173
 170  170  167  170  164  153  212  170  164  139  153  161  128  111  117  111
 178  195  167  206  217  217  211  203  231  211  183  192  217  259  214  195
 195  220  223  220  220  209  239  222  203  214  231  234  250  233  214  214
 198  228  228  225  223  247  259  259  244  223  209  233  233  186  181  203
 212  206  245  267  303  289  267  242  214  167  189  195  222  244  223  222
 217  206  192  225  211  178  153  150  156  167  173  173  225  250  195  178
 170  150  150  156  150  128  162  167  134  128  175  103  109  181  125  100
 106  128  147  147  150  150  200  159  148  145  103   89  125  159  142  150
 148  170   73   78   70   95  117   50  108   70   75  134   84  100  128   70
  86   47   67   75   92  125  108  106  139  148   86   78  108   89   11   -9
  64   72  125  125   56   58  147  153  109  120   70   64   59    6  -14   22
  45   53   14   17   25    3  -28  -42  -42  -64  -31  -14  -25   39   45  -34
 -81 -100  -59  -20 -106  -92  -42    3  -50  -86  -78   33    3 -117 -111 -153
-245 -234 -159 -117 -145 -217 -148  -95 -109 -139 -144  -73  -31
1976
-106 -150  -62 -100 -208 -128  -59 -175 -183 -222 -231 -195 -125  -61 -142 -122
-206 -272 -217  -89  -53 -178 -284 -250 -181  -28   14  -58  -59 -153 -156  -31
-120 -114  -92 -184 -147 -145  -78  -72  -39  -28 -111  -19 -100  -28    6  -45
 -36    3  -47  -33  -70 -150  -47  -11   -3   -3  -86  -70 -131  -86  -25   47
 -25  -59 -109  -87  -53  -69 -103   -6  -44  -56 -120 -112 -136  -69   34   -6
-125  -22   59   59   33  103   23   17   39   73   45   45   45    0   56   44
  22    6    3   58   -3  -48   64   81  136  150  150  175  161  131  134  136
  56   58   42   28   61   83  100  106  103  139   81   70  111  136   39   67
 100  134  150   78  111  125  137  178  181   95   59   73   98  103  106  120
 128  142  184  175  184  186  178  133  136  147  145  187  208  222  214  197
 231  172  128  150  200  248  220  197  192  239  200  206  233  253  228  203
 197  170  206  187  175  200  186  183  186  231  244  231  214  203  181  223
 167  156  181  214  206  192  189  220  231  178  159  197  175  150  158  195
 175  183  195  206  172  136  161  197  214  178  156  189  187  209  220  228
 200  192  167  145  178  164  184  217  236  236  170  147  197  206  222  236
 164   95  109  131  109  114  156  136  131  128  142  158  164  137  139  189
 209  209  178  186  200  206  128  100   92  103   86   92   89  119   92  122
  92  108  111  142  123  134  159  136   78   45   45   45   53  128   59   75
  42   17    6    3   34   50   47    9    0   17  -14   -6   -3   78   84   36
   0   -8   72   48   25   25    0  -28  -61  -22  -45  -56  -28   20   -3   28
  31   34   31  -28  -48  -34   -8  -20   -8   42   89   20  -36  -78  -70 -112
-189 -131 -112  -75  -72 -181 -195  -84  -45  -45 -142 -103   -3  -59  -56 -117
-131  -61 -125 -145  -70  -95  -70  -84 -178 -200 -142 -145 -195
1977
-118  -87  -80  -57  -93 -153  -88 -144 -172 -168 -162
-195 -199 -168 -152 -160 -228 -201 -108  -78 -116 -159
-138  -86  -60  -79 -100 -117 -147 -138 -110 -131 -157
 -76  -76  -98 -143 -127 -112  -66  -80  -28   -7   -7
 -40 -101 -165 -155  -98  -47  -57  -86  -83 -121  -60
 -28  -19   20  -32  -75  -40  -32  -53   25    2  -15
 -13   39   60   48   74   54   25   36   38  -25  -53
 -30   -4   28   -8    4  -12  -46  -15    4   78   59
 108   54    5   13   41  -14   32  -15  -41  -48  -60
  -7   71  128  114   56   47   68   85  101  126  149
 191  137   98   71   53   87   93   57   41  108  148
 126   75   87  150  150   55   45   81   96  121  139
 116  101  107  174  222  181  160  190  220  238  239
 220  176  155  171   85  106  153  183  178  161   92
 152  161  135  106   91  131  166  172  158  193  200
 195  176  167  154  172  189  163  136  173  182  202
 200  224  232  202  196  218  152  179  198  209  169
 173  190  180  164  182  195  226  204  232  242  248
 229  266  270  211  155  176  207  190  141  160  194
 211  205  192  232  208  220  227  212  217  203  208
 187  158  189  198  187  182  162  152  166  136  139
 136  149  179  176  131  134  150  209  263  252  177
 185  242  194  175  153  164  147  126  131  178  180
 111   95  134  102  102  133  160  173  155   84   85
  89  113  130  114  141  145  133   98   94   89   86
  83   95  105   87   29   50  114   95   83   93   47
  40   44   43   55   65   98   75   82   69   30   51
 104  157  116   85   62   58   61   86  114  152  108
  50   45   58   70   98  117   40   25   -5  -18    9
  88   71   32    9  -14   52    6   -1   33  -14  -43
-116  -95  -84  -42   18   39   11  -50  -86  -60  -84
-122  -55 -160 -226 -215 -144  -84  -42  -38  -90  -49
 -17  -26  -12  -19  -17    7  -13  -99 -143 -134 -127
 -92 -137
1978
-143 -139 -135 -161 -114 -132 -122  -27  -65 -176 -137 -158 -155 -123 -135 -165
-159 -123 -160 -145 -107 -100  -55  -42   -9    2  -70 -129 -151 -143 -154 -139
-175 -205 -206 -204 -123  -67 -107 -129 -163 -116  -73 -125 -129 -137 -109  -60
 -86 -132 -134 -114  -92  -60  -51  -94 -105 -107 -131 -132 -135  -99  -94 -139
 -93  -94 -100  -55  -17  -32  -13  -28   23  -23  -71  -77  -50  -20  -79  -37
  -1  -12  -67  -83  -46    7   22   13  -13   20   34  -30  -47   -2   14   -3
   9  -10  -31  -18   46   43   68   41   17   48   58   54   81   48   35   42
  45   75   89   80   85  102   73   -8    0   54   47   60  107  114  130  142
 149   95  106  157  190  191  149  163  170  155  180  195  140  149  153  193
 202  203  225  244  245  238  226  170  209  145  135  105  137  185  193  136
 100  193  235  146  115  132  152  191  189  195  190  204  179  157  162  199
 214  219  219  211  161  155  148  175  192  211  237  265  255  225  179  145
 190  213  227  216  241  221  206  227  262  243  246  206  186  218  230  219
 186  167  151  163  209  218  213  195  191  218  221  216  215  198  193  195
 230  244  240  256  213  191  215  179  154  196  193  145  147  162  132  169
 182  189  164  162  191  156  145  146  153  131  109  108   95  137  108   94
 117  167  119   74   82  123  122  174  106   91  129   72   49  154   79   80
 140  126  107   80   96  126  139   78   39   44  125  108  147  111   43   14
   5   13   47   35   36  118  158   65   -9   80   96   63   61   15   35   80
  26   86   57   97   83  100   48   14   76   65   70  -17   -8   84   23   29
  31   77   26  -76  -92  -76  -33    6  -65 -126 -129  -93  -72  -22  -63 -123
-140  -17    7   20  -20  -36  -67 -138 -135  -60    4  -52  -32   13  -43 -135
-145 -142  -80 -112  -55  -81  -54  -43  -88 -135 -153 -138  -31
1979
  45  -33 -117 -110 -123  -86  -58  -80 -110 -157 -210 -201 -110  -59 -158 -162
-195 -197 -221 -142  -78  -68  -89  -77   -7   29    9   19  -10  -57  -83 -110
-124 -152 -153 -146 -193 -174 -130 -203 -233 -249 -217 -229 -239 -216 -196 -246
-226 -163  -74  -43   -4  -13   -3  -69  -72  -47  -22  -28  -38   21   34   41
   8   17   22   -4   21  -28  -91  -34  -15 -130  -80  -38  -27   14   15   61
  62  102  118   77  -16  -71  -36   46   43   81   36   45   25    8   20   -1
 -15  -14   16   41   27   46   82   52   62   36   62   56   52   61  105  102
 110   83  131  186  150   99   97   93   82   85  101   92   49   71   96  169
 225  186  173  180  149  146  170  102  116  160  190  200  167  110  132  134
 111  106  137  146  136  146  162  170  178  194  197  151  122  187  229  223
 242  151   95  120  148  217  235  238  183  184  183  206  191  141  124  137
 178  191  193  205  185  222  195  157  130  128  154  186  213  234  223  219
 237  251  241  246  246  204  204  216  226  236  249  233  239  264  233  218
 213  231  229  245  238  243  231  240  224  181  159  189  143  139  163  144
 152  170  143  149  151  164  171  186  192  168  198  224  211  187  191  200
 227  206  144  205  208  179  148  176  197  141  113  113  130  107  123  178
 148  129  142  176  195   81   65  155  107   85   95  135  129  125  153  145
 152  157  154  147  167  175  132  109   37    9   15   37   39   64   35   26
  11   49   63   66  148  185  211  169   75   34    3   -3   18   33   40   38
  75   80   50   36   38   57   55   43   21   53   22   25   17    4  -23  -40
  13    3  -13   22   45   48   57   75   53  116   77   51    4  -16  -25  -56
 -27  -13   -7   56   21  -34  -59  -64  -55    9  -95  -93  -70  -26 -143 -199
-196 -156  -72  -54    1   19   18    5  -25  -35   -3  -45  -77
1980
 -36  -68 -118 -117 -114 -128  -34  -58  -96  -99   18  -39  -76   -3  -35  -78
 -47   10    8  -55 -110  -92  -72 -189 -163 -144  -92 -108 -156 -159 -170 -135
-152 -148 -137 -111 -109  -88  -93  -95 -106  -83  -60  -83  -48  -97 -121 -127
 -62  -36   23  -45 -103  -47  -22  -75 -172 -140 -150 -195 -198 -128  -41  -32
 -46  -29  -48  -31  -14  -47 -114  -87  -45  -88 -111   -3   11  -26   35   41
  47   27   39   24   45   54   72   71   54   44   48   57   28   26   50    9
  81  110   93  113   68   68   64   50   74    4    2   65   55  100   52   35
  71   77   98  107  101  128  115  137  159  148  157   93   63  100   94   88
  88  112  115  134  103  100   96  140  130  126  130  130  168  204  193  184
 133  123  123  116  130  156  203  149  163  173  150  152  170  196  105   70
  77   97  128  175  212  135  125  146  147  158  152  171  191  203  248  248
 227  151  140  193  171  177  176  184  207  204  167  171  172  162  182  192
 138  192  212  226  223  187  218  231  208  195  208  208  211  222  221  218
 227  207  223  217  215  237  214  223  228  242  230  243  177  179  202  183
 180  190  179  179  175  199  197  186  201  202  203  230  215  202  197  170
 166  204  222  238  219  178  175  221  177  144  130  130  131  142   95  130
 121  140  143  141   97  112  160  122  149  109   73  104  101   59   51   62
 118  141  138  108   78   96   75   81  107   40   32   68   69   45   24   23
  48   76  146   68   35   35   18    9   25   58   45   22    1    5   18   65
  34  -14    3   99   22   -5   53  -12  -21    2  -17   -2  -15   -6  -24  -56
 -67  -37  -61   16   17   13   14   22  -10  -59  -71   -9    9   -4   25   19
 -46 -123 -125  -98  -65    2  -29  -77 -177 -144 -125 -160 -219 -168 -183  -75
-139 -218 -201 -167  -87 -132 -283 -172 -142 -108  -20 -129 -209
1981
-192 -203 -304 -287 -196 -118 -106 -198 -170 -189 -254 -223 -237 -201 -183 -169
-164 -135  -27 -115 -152  -65  -77  -79 -100   22  -30 -115 -107 -153 -126  -54
 -25 -132 -155 -152  -86  -56   -8  -65  -30   17 -112 -108  -52  -44    7   50
  62   62   69   89  103   84   59   26   17   -6  -12   14  -22  -92  -79    1
  -4   27   17    9   -7    1  -21    1  -70  -32  -85  -82  -79  -84  -30   13
  17   23   39   30   45   39   25  112   76   59  112   49  105  156   89   33
  58  119   87   85   87   40   62   28  -34   39   85   82   29    6  -21    9
  34   55   64   96   95  114   97  101   74   91  102  144  166   77   67  113
 135  124  138  115   77  105  135  102   56   51  106  119  160  158  156  162
 191  208  169  175  196  179  114  140  170  179  179  206  195  137  134  156
 151  179  170  177  197  206  254  184  192  212  190  173  181  163  162  199
 132  190  199  202  226  184  223  232  235  235  247  243  274  240  227  226
 214  224  169  202  206  224  198  206  232  212  177  162  182  210  227  181
 154  133  179  217  224  234  227  215  188  184  172  168  193  226  197  215
 173  152  167  163  168  161  195  215  217  222  222  187  153  156  188  162
 161  214  215  214  202  201  204  196  183  179  187  101   98  131  163  182
 172  141  130  119  128  131   93   95   95   85   93  126  112  165   95   63
  55   28   76   86   79   90   93   72   66   63   59   47   47   56   71  106
  70   54   81   53   62   68   20   25   15   38   75   82   42   24   44   47
  70   77   36   42   61   71   10   25   22  -20   10  -28    8   18   37   66
  40   32   41   26   12   -5  -31  -37  -27  -20   16    9   -6  -30  -16   54
  35   18   -6  -31  -47  -32  -33  -48  -19  -55  -37   -5   -5  -33  -88  -96
-111 -127  -73  -13  -14   -2  -35  -69  -74  -24  -74 -121  -55
1982
  -9 -121 -129  -20  -65 -119 -107 -167 -189 -208 -194 -242 -191 -147 -138 -122
-238 -238 -212 -169 -209 -223 -119 -119 -211 -229 -198  -64  -91  -90  -89 -105
 -87  -43 -102 -169 -117 -114  -72  -78 -108 -116 -107 -112 -113  -26  -32 -115
-106  -57  -13  -18  -69  -86 -137 -158 -145 -107 -151 -127  -88 -160 -110  -41
 -68  -23  -96 -135  -51   26   18   34   -5  -33  -49   10   -8   19    4   -3
  11  -18   11   50  -22  -99  -88    9   48   95    4  -39    1  -39  -74  -84
 -80  -38   -4   38   18   30   34   31   51  114  169   66   51   38   32   23
  79   87  161  160   70   70   94  117  109  108  108  119  127  150  217  177
 133  125  110  119  125  124  127  160  153  153  187  158  111  125  132  110
 148  190  199  200  211  219  211  228  162  116  130  168  166  180  179  198
 217  175  172  158  161  177  182  171  186  148  152  141  158  143  165  152
 166  166  186  185  158  139  158  131  146  163  218  258  239  218  207  244
 223  192  194  225  260  258  272  248  191  190  219  219  191  241  205  214
 184  205  201  206  210  151  155  183  191  186  209  226  232  191  176  175
 170  183  223  219  182  171  199  157  102  136  161  182  139  160  160  107
 107  142  152  143  145  172  156  167  107   93  119  165  199  215  210  211
 215  134  133  112  123  106  123  141  154  117  148  152  147  145  126  121
 160  110   89  119  117  108  142   99  108   70   58   77   99  110  112   86
  59   51   49  105  128   69   35   38   14   52   63   56   89  132  136  128
 128   96  108  108   58   50   49  102    9   -3   39  113   30  -31  -19   -7
  27   25   35   57   82   74   75   21  -23  -24  -99  -61  -19    9   21   57
  89   85   55   86    1  -41 -109  -97  -80 -166 -160  -57  -12  -16 -100 -110
 -68  -40  -60 -104  -89  -34   51   30  -18   54   25  -38  -29
1983
 -15  -55 -137 -187  -82    5    4  -63 -131  -65   29  -57 -135  -84  -57  -89
-142 -195 -193 -170  -85  -48  -34    2  -35 -130 -105 -104  -65  -22   11  -41
 -25   30  -62 -150 -140  -98  -68 -146 -197 -172 -124 -106  -18    4  -44   11
 -27  -60  -31   13  -39  -16  -34  -48  -59  -37   28   -5   -2    8  -18  -32
  14   13   33   22   24   18   25   41   34   26   15   44   60   56   -1  -31
 -23  -84  -91  -74  -40    3   19  -31  -42  -18   14   12   15   32   50   49
  47   67   48   50   23   49   44   88   72   39   47   -3    2   28   25   48
  62   57   56   83   83  128  119  126  145  111  134   88   97   78  110   85
  29   54   78   93  123  160  130   49   62   89  120  156  143  149  186  110
 127  119  107  110  143  117  130  128  144  174  146  149  124  142  100  123
 159  160  229  241  246  244  250  228  219  210  225  234  237  251  189  171
 145  189  160  180  210  243  238  239  272  215  168  175  212  158  164  179
 224  223  215  246  215  210  218  217  220  197  208  212  196  204  214  233
 237  235  239  209  249  212  231  238  244  264  230  238  154  147  172  180
 175  181  201  221  218  231  239  214  178  163  184  154  213  228  242  224
 222  213  192  197  223  228  236  251  265  193  196  209  228  207  159  124
 121  111  126  151  162  195  235  195  117  108  104  126  127  158  116  117
 159  167  196  209  140   88  117  103   92   65   64   98  154  194  126   59
  42  114   88   39   22   32   33   41   80   57   21   44   99   18    9   57
  79   83   76   24   10   24   46   64   83   71   29  -25  -51  -47   -2   11
 -20  -33  -49    6   57   28   12   50   26    8  -14   -2   27    8   -5   -5
 -55  -69  -31    2  -55 -105  -28  -67 -160  -56    3   -3   26    1  -68 -130
-178 -238 -203  -69  -84 -159 -226 -146  -74  -31  -98 -142  -76
1984
-131 -126  -82   -3    2   13  -99 -197 -157 -126 -185 -210 -169 -107 -189 -229
-141  -90 -121 -157 -228 -176  -83  -32  -22 -107 -119 -155 -137  -78 -134 -191
-128   -5   16    5  -61 -140 -134 -142 -135  -63   13   39   61   38    7    2
  18   36   18  -29  -12   52   29  -11  -72  -84  -68 -158 -151 -140 -107  -50
 -34 -151 -190 -175 -146 -134 -214 -127  -77  -91  -16  -59  -49  -19   18   54
  36   -2  -23  -11  -37  -17    4   23   24   28   42   42   35   62   39   85
  51   29    8    6   78   76   77   82   81   66   93   51   65   65   16   30
 102   98   74  104  120  149  154  135   75   66   96   57   77  130  138  121
  95  108  131  143  100   86   85   70   92  109  136  129  149  180  167  151
 189  168  124  105   88   90  108  135  180  140  171  180  202  238  252  233
 228  199  185  200  167  126  149  201  184  186  157  167  162  165  169  174
 166  182  202  203  216  214  244  241  224  231  243  184  165  200  211  197
 231  219  239  240  227  206  189  198  226  227  225  254  201  176  190  173
 194  196  218  231  201  222  249  255  257  240  247  224  247  256  228  237
 245  254  230  211  154  145  166  142  166  189  173  192  170  194  203  220
 235  221  184  158  138  138  133  115  105  132  162  183  181  151  135  154
 133   81   95  115  142  168  153  105  104  172  178  196  121   56   88   89
  72   96   72   75   68   22   31   87  114   99   75  103  143   92  129  141
 130   97   97  142  129  103  113   95   91   92   45   62  155   80   53   80
  85   65   -1   51   91   26  -20   -3   51   90   83   30   -5  -11   10   52
 -25  -54  -71  -36  -22  -18    7   -2   19   44   32   76   70   45   31  -17
  -6  -16  -67  -44 -109  -37   -4    9  -30   23   -5  -81  -59   -2   57   -8
 -48  -52  -98   -4  -31   -2  -76 -139 -187  -96    9  -58 -101
1985
-114 -110 -122  -66  -96 -150 -173 -161 -189 -166 -155
-129 -102  -38 -119 -217 -198 -157 -121 -139 -171  -95
 -79 -107  -80 -112 -111 -109 -128 -157 -143  -75 -110
-146 -141 -153 -182 -206 -163 -123  -94 -111   -6   25
 -21  -56  -89  -45  -72  -34  -67  -62   29   20    1
  -6    4  -60  -72   49  -14 -111 -128  -73  -11  -70
   5   -2   -2   25   29   37   24  -50  -75  -60  -88
 -32  -13  -62  -38   32   -8  -29  -34   69   66   45
  20  -19   14   14   13   34   31   52   34   18  -43
 -26    8    1  -13   20   91   73  -23   -7   47   75
 131  115  108  106  115  128   86   77   99  147  113
 108   91   93   59  104  113   53   96  167  148  174
 169  107  139  141  152  108  102  175  156  148  155
 139  194  146  128  138  123  152  197  165  189  149
 158  133  131  148  164  181  182  140  131  134  123
 151  154  191  197  161  179  186  188  216  150  116
 151  167  180  185  194  210  221  200  216  227  229
 202  202  206  189  166  188  198  215  228  204  194
 186  228  212  214  184  180  190  241  215  182  173
 230  189  163  177  182  208  224  230  233  227  231
 222  247  215  163  200  219  201  202  183  200  204
 189  184  163  176  174  164  189  213  178  129  130
 139  134  178  131  207  184  205  207  198  165  114
 104   94  105  120  147  152  159  183  210  227  177
 164  191  153  138  142  156  155  160  160  162  114
 100  114  140  104   98  104  145   94   48   69   85
 110  109   66   55  129  114   63   47   69  137  122
 101   86   94   24    4   35   42   41   91   86   70
  59   68   80   59   11    2  -33  -23   18  -18  -40
 -43   36   48   59  105    5  -37  -25   -1  -59  -72
 -32  -51  -56  -36   22   -3  -85  -79  -41  -40  -50
 -16  -38  -50  -44  -56  -20  -95 -105  -67 -111 -160
-214 -181 -147 -121  -39  -42 -174 -198 -110  -82  -78
 -87   -5
1986
 -56  -68 -109 -143 -122 -127 -202 -156  -36  -43  -80   15  -99 -218 -206 -133
 -46   37   25   13  -13  -30 -129 -151  -93   -8  -98 -208 -164 -115 -150 -164
 -92 -102 -131  -69 -163 -183 -122 -109 -102 -117 -149  -86  -69  -97 -115  -95
 -42  -19    5  -50 -124  -93  -54  -96 -151 -139 -111  -46  -45   -5   -2  -46
 -95 -121 -158  -78  -35  -12  -54  -49   -2   14    3    3   16   21 -125 -113
 -35   21  -30   -8   78   43   18  113  145   83  146   82   40   64   35   28
  59   63   48   43   27   32   59   76   93  104  115  108  107  111   62   19
  55   95  129  152  169  176  189  152  153   32   14   39  100   94  102  102
 111  130  137  126  137  167  168  155  194  216  122  104  133  131  137  143
 176  189  225  204  211  186  145  115   84   91  159  142  152  177  197  166
 183  181  138  148  186  191  197  122  146  151  174  160  199  228  140  105
 137  169  212  171  165  173  177  132  149  191  201  247  221  187  135  150
 164  166  174  178  207  217  240  248  236  177  170  216  249  266  214  213
 219  211  188  163  177  210  203  188  204  212  207  191  213  221  172  166
 180  187  207  233  221  214  203  196  205  171  164  145  162  171  159   89
 110  160  161  174  166  152  191  169  144  103  104  164  132  182  164  125
  80   98   89   77  114  156  109  114  116  120  154  127  131   84  113  149
 191  160  110  124  112   66   56   54  122   71   19   63   96  122  137   79
  65   57   43   89   94   91  100   91   39   48   65   69   84  122   33    3
  98   24   26   -1  -44   16   66   78   77   18    5   18  -50  -51   13   16
  45  -16  -71  -65  -52  -65    3   22   -5   14   20   35   -7  -76  -62  -38
  24   18  -40  -38  -61 -130 -131  -37  -55  -67 -150  -57  -45  -73  -62  -20
  12  -41 -101  -11    8  -41   -7  -21  -84  -51   -9  -10  -40
1987
 -79  -32  -83 -106  -53  -14  -34  -85  -34  -31  -33  -32  -38  -40  -26 -122
-147 -138 -125 -149  -89  -75 -123 -217 -204 -210 -178 -108  -72  -71  -43  -93
 -63  -25  -83 -150  -62  -44  -60 -171 -146 -136 -160 -195 -256 -235 -177 -148
-138 -132 -113  -92  -82  -63  -71  -75  -82  -69  -36  -36  -55  -67  -88 -100
 -23   54   37  -62 -151 -107  -59  -41  -45  -28  -44  -14   -3   -1   25   38
  68   59   68   84   67   62   75   73  107   68  -14  -16   44   64   81   85
  71   59   85  121  102  100   83   80  141  154  150  176  189  199  169   94
 118   71   69   73  105   60   48   63   64   63   70   78  105   90   96  111
 135  150  125  117  113  154   96   82  142   94  110  142  133  163   99  102
 146  167  177  215  223  247  222  220  226  224  174  159  132  143  165  148
 146  170  148  169  208  204  157  151  195  227  180  195  199  223  240  189
 215  188  188  192  216  190  188  190  195  211  234  226  239  259  273  271
 281  279  228  171  179  195  227  202  184  206  244  253  260  250  206  176
 142  151  191  174  173  192  231  205  156  189  205  207  170  200  193  179
 203  197  221  253  265  236  211  175  188  180  132  121  146  121  146  170
 163  175  206  138  130  118  125  174  195  209  206  188  195  183  179  160
 164  157  179  133  142  152  131  121  139  143  105   66   93   77  153  187
 143   92  123   97   68  111  131  147   61   58   53   29   46   55   83  114
 110  124  122  121  116   48   21   29   74   47   18   72   56   35   47   60
  54   17   79  140   59  -33  -23   48   26  -27  -32  -23   46   26   -8   24
  69   75   33  -27 -111  -53  -12   58    5  -31  -65  -62  -22   29   14  -35
 -23  -13  -36  -21  -53  -58   18   41   27   13    1   15  -22  -19  -75 -103
 -43    3   18    3  -18  -25    8  -55  -54 -119 -157 -185  -77
1988
 -23  -66  -59  -42 -135 -203 -201 -183 -103 -148  -82  -18  -98 -244 -149  -40
  16   20   -6   -6  -27 -109  -82  -25   -6 -107 -178 -151 -123    6   74   54
 -76 -166 -136 -193 -182 -176 -110 -129 -111 -136  -77  -92  -85    5  -28  -36
 -19  -11   13 -110  -27   -7  -68  -65  -68  -75  -86 -141 -111  -85  -92  -95
 -31   -5  -46   10   -5  -79  -81  -43  -28   -5    2  -16  -12  -36 -115 -137
 -84  -13   48   65   92   39    1   15   85   55   66   78  100  127   75  103
  79   49   44   58   75   67   66   90   48   23   77   65   24   34   56   69
  46   60   79   58   73   71   75   67   76   82   97  135  153  190  135  142
 176  166  108  123  144   82  137  148  113  129  152  185  173  177  180  144
 121  140  195  208  208  195  185  131  109  129  159  196  162  137   86  101
 140  185  218  234  246  269  210  189  191  221  253  224  213  137  144  174
 153  169  135  101  120  141  166  203  216  234  234  252  274  280  263  241
 216  196  197  169  214  203  244  206  208  205  225  220  253  234  230  232
 240  252  277  239  231  258  261  283  277  249  238  236  250  248  227  252
 264  206  221  194  187  155  157  173  139  134  141  151  171  188  186  194
 160  164  156  173  210  209  181  130  107  131  163  186  171  132  127  137
 118   95  101  134  183  176  204  149  124  164  112  115  116  126   95   69
 139  192  157   89   69   64   53   65   62   50   66   74   27   21   58   84
 105  150  101   16   20   48   27   43   60   53   48   47   65   33  -19   -6
  25   26   33   41  113  113   54   55   62   82   13    1   46   69   44   84
  86    9  -18   15  -10  -33  -38  -31  -31    1   66   55   -8   21   -7  -32
  13  -75  -89  -23   17  -55 -103 -176 -194 -190 -107  -50  -86 -190 -146 -143
 -83    9   -6 -102  -37   21  -20  -98  -70  -35 -131  -87 -102
1989
-167  -85 -127 -241 -203 -187  -79   20  -79  -60  -71
 -61  -54  -58   -7  -64  -29  -18  -21  -70 -189  -79
 -36  -43 -130  -75  -64  -44    6   17   16  -27 -139
-123 -175 -108  -63  -68  -66 -142  -89  -48  -76  -81
  18  -16 -109 -161 -170  -83  -20    5  -28 -107 -155
-143 -118  -89  -51  -46 -106 -135 -122  -67 -169  -48
-149  -97  -67  -33  -59  -78   29   47  -34  -34  -79
 -80  -50  -59  -87  -28   -6   20   44   79  122   59
   9    7    5   23   57   60  107   58   35   20   22
   4   -2   17   33   48   68   54   77   54   47   48
  53   -2   13   55   62   84   72   62   75  136  137
 101   76  113  125  127  103   71   99  108   99  152
 162  130  138  176  203  215  228  229  175  120  152
 144  165  188  132  143  172  148  168  204  162  189
 165  159  164  190  201  176  137  175  145  157  158
 152  143  179  159  184  202  232  265  261  248  231
 239  246  185  175  183  181  228  228  245  237  241
 216  193  202  217  190  213  208  198  176  195  205
 225  218  204  207  229  232  261  274  275  252  184
 176  198  212  210  222  229  249  257  244  155  147
 173  200  220  208  222  235  234  198  182  174  200
 200  215  179  175  143  122  139  140  191  204  196
 164  180  164  139  140  167  198  215  225  247  238
 162  181  165  143  155  146  134  160  162  180  191
 215  142   80  102   96   53  107  113   89  138  152
 105   45   81  108   64   61   37   50   95   94  122
  80  105  163   47   11   33   63   55   50   78  114
 130  129  150  149  143  134  143   74   27   18  -33
  40  102   48   55   86   66   52   -4  -15   12   35
 108    3  -17  -54   17  -53  -96 -106  -86  -74  -26
 -91  -35 -130  -90 -156 -119  -94 -164 -140  -40 -118
-186 -161 -136 -120 -159 -197 -207 -187 -146 -153 -148
-164 -138 -188 -229 -205 -153  -74 -135 -227 -191 -215
-209  -62
1990
 -29  -60    3   37  -27  -74  -60  -11  -24  -17  -15  -28 -125 -186 -122  -53
  19   27  -64  -59 -125 -117  -52   20   48   18  -12   28  -13  -29  -27   -5
 -56 -168 -151 -135  -20  -26    0   45   -1  -47  -77  -17  -40  -94  -46  -97
-143  -58 -138  -40   26  -25  -91 -156 -166  -64 -128  -68   26  -42 -108 -130
-126 -115  -57  -11   -5   47   52   32   31   46   72   88   31   18   22   29
  41    2  -47   -3  -46  -80  -14  -42   -9   30   60   38   33   42   23    0
  -7    8   39   15  -14  -27   -1   29   75   45   27    1   62   93   77   86
 105  110  118  173  231  160  161  167  158   83   91  108   97   80  108   96
 150  166   61  103   99  128  127  136  116  109   86   90   82   78  100  111
 138  153  173  182  110  130  145  197  195  210  119   97  122  153  160  173
 152  177  162  192  227  220  242  239  238  178  154  165  204  205  188  189
 207  177  160  141  179  188  191  213  230  157  151  163  199  228  189  184
 169  173  198  243  234  232  260  249  198  222  223  200  216  219  234  243
 248  242  258  193  193  224  240  241  231  197  186  206  202  219  227  218
 179  181  191  206  231  214  154  162  172  183  203  218  239  246  232  228
 193  167  198  206  178  159  164  179  177  132   98  140  140  143  159  164
 194  157   93   77   89   99  122  129  132  124   95  153  145  157  168  137
 125   96   76   92  141  134  180  153   79   64   70  129  130  135  127  114
  99   83  150   45   22   85  100   61   64   48    7   -1   65   15   27   45
  55  109  140   99   21   44    6  -13  -24   17   -7  -49  -39  -29   65   97
  -6  -29  -15   10   16   38   72   40   31  -26   15  117   18  -21   32   14
 -40   -3  -46  -36   -5   -2    7  -28 -101  -38  -10 -100  -65  -35  -50    3
 -55 -125  -66   10   14  -55  -94  -88 -119  -62   36  -25 -146
1991
-106  -43 -115  -55  -46  -65 -138 -204 -123 -138 -205 -131 -135  -66  -31  -21
 -10  -71 -130  -73 -196 -211 -106 -115 -226 -147  -50  -17  -69  -95 -119 -153
 -80   39   58   45   12   10   16   10  -30 -116 -134  -76  -65  -90 -136  -91
-110  -32   29   10  -56 -150 -106 -102  -96  -82  -62  -13   26   -9  -38  -48
  10  -36  -99  -74  -68  -62  -10   10   17   17   23   16   16   53  -13  -28
 -18   -4    1    6   28   59   74   -3  -39   -9   25   26   20   94   71  124
 112   96   62   71   20   29   50   46   86   71   64   81   99   80   50   67
  88  109  103  138  109   98  133  128  152   96   98   89   98  114  110   88
 108  148  176  180  166  122  131  226  121   95  103  155  182  190  177  238
 208  166  196  220  174  164  164  185  175  160  164  145  167  214  211  156
 224  207  157  153  163  173  150  197  216  232  239  176  156  165  189  215
 234  253  264  191  178  162  168  204  225  175  211  236  195  175  185  189
 190  204  211  211  219  244  247  272  288  239  202  231  220  216  215  195
 190  211  227  216  227  217  213  195  171  196  204  212  201  189  203  205
 240  243  235  225  246  220  174  173  161  199  171  157  178  234  265  243
 225  256  145  120  146  189  179  186  193  194  193  152  185  121  115  109
 162  157  222  190  165  105   83   79  103  137  106   98  119   90   57   52
  42  129  166  183  152  187  106   51   68  117  102   66   75   50   37   97
  86   95  110   64   21   55   90   80  133  174  162  103   41   20   50   64
  84   87   26   -2  -11   27   13  -26  -29  -15   21   14   14   57   65   12
 -28   -7   82  135   42   20   59   48   -3  -37  -38   26   21   83   51  -34
 -79  -90 -150 -142 -107  -53    3  -50   16   14   44   -8  -92 -163 -179 -162
-153  -73  -38  -37  -42 -142 -162  -85  -55  -53  -33  -90 -128
1992
-114 -100  -51  -15   13    4  -45  -99  -77  -68 -148 -161  -52  -52 -189 -253
-215 -178 -189 -166 -146 -171  -72  -86 -224 -164 -165 -125  -56   -7  -49 -133
-147 -137 -119 -139 -177  -72  -62 -152 -160 -106 -220 -146  -54  -62  -47  -30
 -26   -5  -48  -74  -87  -63  -95  -56  -20  -60 -151 -158 -186 -108  -87  -28
 -39   17   15   16   56  -20 -129 -140 -132 -130 -101  -51 -106  -78  -65  -83
 -95  -78  -70  -24   45   62   18   10   26   38    8   10   -4   11   26   20
  59   29   47   32  -10   -6  -44   15    3   26   33   49   88  129  174  119
  88   77   68   61   76  103  103   86   72   80   53   56   77   80  113  146
 166  155  160  190  193  110  118  163  184  120  127  173  211  215  184   77
  88   97  102  136  140  173  142  145  155  191  167  177  180  203  217  163
 134  158  200  211  184  149  149  196  233  217  160  140  133  150  150  170
 187  199  194  211  184  149  150  164  178  182  167  189  201  203  205  190
 179  201  170  201  180  200  219  195  226  175  146  178  198  205  224  201
 189  192  171  158  174  189  205  173  168  182  201  214  212  215  164  138
 136  165  179  189  206  202  166  128  166  203  214  218  244  248  198  194
 189  164  153  116  116  132  166  161  196  202  212  162  212  113   98  139
 161  189  183  219  225  132  126  141  164   63   69  119  133  169  156   75
  33   43  142  106   53   37   48   99  125  114  134  115  113   79   59   83
 108   42   40   42   33   33   34   86   89   36   34   42   44   20   -5  -12
 -14   -6   64   76   52   12  -31  -26  -31  -10   41   57   79   15  -24  -51
 -10  -49  -45  -40   52   79   24   34   50   68   32    6   27   18    8   35
  11  -44  -74  -53  -41  -99 -111  -67  -24  -21  -10  -43  -24   42   33  -33
 -15    3  -79   -8   17 -103  -90 -120 -163  -75  -28  -62  -41
1993
 -92 -134  -82   28  -25  -59  -39  -72 -159 -179 -130 -115 -101 -118 -110  -71
 -56 -129 -145  -58  -34   22   22   14  -61  -84  -70 -151 -149 -207 -191 -188
-194  -48  -99 -115 -256 -233 -173 -179  -87 -143 -118  -55 -112 -121  -59 -114
-183 -194 -152 -190 -114  -95 -150 -176 -140 -135 -137  -83  -55  -17  -34  -53
 -60  -33   -9   -8  -22  -90 -147 -141 -141 -152  -16  -51 -167 -127  -69   -6
 -28  -56    5    6   38   48   68   63   71   17  -18   -7   -4   -4   32   36
  58   76  111   87   47   25   61   70   61  149   99   55   46   15   33   19
  70   69  116   57   42   84  133  140  117  123  162  172  172  147  118  142
 189  155  174  137   87   89  153  121   91  108   94  112  142  111  118  130
 141  142  117  103  115  121  140  109  122  129  132  121  110  147  149  204
 201  171  196  222  227  196  165  169  181  195  184  200  155  172  179  214
 234  228  187  179  193  193  217  197  211  222  266  264  246  259  238  235
 236  211  199  192  178  188  206  238  214  188  161  190  200  206  197  204
 234  237  220  222  242  226  225  203  172  176  192  187  212  212  225  219
 222  213  218  237  233  208  208  192  147  141  182  212  253  260  242  210
 179  186  238  175  182  207  184  194  150  149  148  167  156  107  121  204
 232  165  106  130  148   81   76  113  120  104  105  137  146  145  131   62
  47   56   96   60   73   48   88  134   49   36    3   26   57   19   25   50
 136  137   84   57   74  115   68   43  100   45   54   84   42   73   43   25
 -21  -47   17   47   69   39  -24   36   47   32   31   11   11  103   50   38
  42   19   29   11    3   44  -31  -69 -100  -63   14   73   11  -45  -40  -23
  43   22   16   12    1   -5  -12   40  -10  -74  -33  -13   39  -31  -54  -34
 -18   20   14  -68 -163 -118  -81 -171 -273 -235 -217 -154 -105
1994
 -10  -82 -177 -152 -183 -237 -197 -168 -190 -204 -139 -153 -102 -133 -229 -262
-163 -180 -246 -176 -134 -149 -185 -129 -201 -262 -199    1  -69 -189 -213 -171
-135 -124  -96  -75 -134 -167 -230 -201 -226 -188 -162  -59 -121 -159  -99  -89
 -57  -13   69   19  -77 -119  -95 -135 -162 -153 -147 -136 -108  -80   -9  -43
 -75   -5  -14  -71  -56  -67  -93  -44  -25    6  -35  -95  -60  -27  -30   10
  23   40   21   16   -3  -11   15   18  -18   22  -17   -5   29   27   47   12
  -8  -11   39   80   38   57   71   77  113   94   32   39  109   63   38   28
  63  116   73   74  130   30   82   78   68   49   75  123  147  135  125  108
 120   89  106   91   68  106  139  113  132   90  126  136  149  200  173  157
 153   72   99  101  126  184  217  128  103  153  145  190  182  162  131  158
 132  171  200  198  211  225  253  274  274  219  212  225  205  197  189  193
 189  173  210  207  205  213  188  176  185  219  225  233  236  246  200  187
 195  201  188  204  217  220  242  234  247  272  260  252  243  235  217  195
 188  215  205  221  230  173  210  227  137  144  169  191  195  159  177  191
 223  165  141  163  194  195  198  225  194  145  147  167  173  216  228  215
 164  154  130  124  125  110  126  140  142  149  171  144  114  157  160  170
 149  142  182  179  108  125  173  177  167  154  168  179  190  182  150  116
  82   79   73   76   82   71   85  139  165  152   66   35   77  106   77   59
  66   64   82  123  134  137  100  132  115   90   69   66   87  123  116   87
  81   48   59  111  118  101   60   85   68   18   16   10   32   90   74   34
  35   82   75   15   50   35  -53  -28    3  -48  -58    5   33  -40  -15   48
  38   53   48   50  -45  -48  -53  -60  -68 -167 -145 -105  -68  -45  -18   20
 -50  -35   43   30    0   13  -10  -45  -30  -10 -135 -158 -108
